11114
11122
11133
11144
11154
11164
11174
11214
11222
11233
11244
11254
11264
11272
11313
11322
11333
11344
11355
11364
11374
11414
11424
11436
11444
11455
11464
11474
11514
11524
11535
11544
11554
11562
11575
11614
11624
11634
11646
11652
11664
11676
11714
11722
11733
11744
11752
11764
11774
12114
12122
12135
12143
12151
12164
12171
12215
12222
12234
12244
12254
12264
12274
12312
12323
12335
12343
12355
12363
12373
12414
12421
12432
12444
12452
12464
12472
12512
12526
12535
12544
12556
12566
12574
12614
12625
12634
12644
12655
12665
12675
12712
12724
12735
12742
12754
12767
12774
13113
13121
13133
13141
13152
13163
13174
13213
13223
13236
13244
13254
13263
13273
13313
13323
13333
13345
13354
13366
13373
13416
13422
13434
13444
13453
13466
13471
13515
13525
13533
13543
13553
13563
13575
13614
13625
13633
13644
13655
13663
13673
13714
13723
13734
13745
13752
13764
13774
14114
14123
14131
14141
14153
14165
14174
14214
14224
14234
14243
14253
14265
14272
14314
14323
14333
14343
14353
14366
14373
14414
14424
14436
14444
14456
14467
14474
14514
14524
14535
14545
14554
14564
14575
14616
14624
14634
14644
14654
14664
14676
14714
14722
14735
14744
14753
14766
14774
15114
15124
15132
15143
15151
15164
15171
15214
15224
15234
15243
15254
15264
15274
15315
15325
15335
15343
15355
15364
15373
15415
15422
15433
15444
15452
15466
15472
15514
15525
15536
15543
15553
15564
15575
15612
15625
15635
15644
15655
15665
15672
15712
15724
15736
15743
15753
15764
15775
16114
16121
16133
16145
16151
16166
16174
16214
16223
16233
16245
16254
16263
16274
16316
16323
16332
16346
16353
16364
16374
16414
16424
16436
16444
16456
16464
16472
16516
16526
16533
16546
16555
16562
16572
16614
16622
16633
16643
16654
16663
16674
16714
16724
16734
16746
16754
16764
16776
17114
17123
17134
17144
17151
17164
17171
17212
17224
17233
17242
17254
17264
17272
17314
17326
17333
17343
17354
17364
17374
17413
17422
17431
17444
17452
17466
17473
17514
17525
17535
17545
17553
17562
17574
17616
17626
17633
17646
17652
17663
17676
17716
17722
17733
17744
17754
17764
17774
21115
21125
21135
21142
21155
21165
21175
21214
21225
21233
21243
21252
21265
21274
21312
21325
21333
21342
21352
21362
21374
21415
21424
21432
21443
21452
21464
21472
21514
21524
21535
21542
21552
21566
21575
21616
21624
21637
21644
21656
21664
21672
21712
21725
21736
21742
21755
21762
21775
22116
22124
22133
22144
22154
22163
22172
22212
22225
22233
22244
22254
22264
22274
22315
22324
22334
22344
22354
22364
22374
22414
22423
22434
22443
22451
22463
22473
22514
22522
22535
22544
22554
22562
22572
22614
22624
22635
22644
22651
22664
22673
22715
22724
22735
22744
22755
22763
22774
23113
23123
23133
23144
23154
23163
23173
23213
23223
23232
23244
23255
23266
23274
23313
23323
23333
23343
23355
23363
23373
23412
23424
23434
23442
23453
23462
23472
23515
23525
23533
23544
23553
23565
23573
23617
23625
23637
23644
23655
23667
23676
23716
23726
23733
23744
23753
23763
23776
24114
24124
24134
24144
24153
24165
24172
24212
24224
24232
24244
24256
24262
24274
24312
24324
24334
24344
24352
24364
24374
24414
24424
24434
24444
24456
24467
24472
24512
24524
24534
24544
24554
24562
24575
24614
24624
24636
24646
24654
24664
24672
24712
24724
24734
24744
24754
24764
24772
25114
25124
25134
25143
25154
25164
25174
25212
25223
25235
25246
25254
25264
25274
25312
25324
25333
25344
25355
25362
25372
25412
25421
25433
25444
25451
25464
25474
25515
25525
25535
25547
25554
25564
25575
25616
25621
25635
25642
25651
25663
25671
25715
25721
25733
25744
25755
25764
25774
26114
26124
26133
26145
26154
26164
26174
26212
26224
26236
26245
26252
26263
26274
26312
26324
26334
26344
26354
26364
26374
26414
26423
26432
26443
26454
26463
26473
26516
26522
26535
26542
26555
26562
26575
26614
26624
26632
26645
26654
26663
26674
26715
26723
26733
26744
26753
26763
26774
27112
27124
27133
27142
27154
27164
27174
27214
27224
27234
27242
27252
27264
27274
27312
27324
27334
27344
27352
27364
27374
27412
27423
27432
27443
27455
27463
27473
27515
27524
27533
27545
27552
27565
27574
27612
27623
27633
27642
27651
27664
27672
27712
27724
27733
27742
27754
27764
27774
31114
31126
31134
31143
31155
31163
31174
31216
31225
31235
31242
31252
31265
31274
31314
31322
31331
31343
31353
31365
31373
31415
31426
31435
31445
31455
31466
31475
31514
31523
31534
31544
31554
31565
31574
31613
31623
31636
31643
31655
31665
31673
31713
31726
31737
31743
31753
31764
31774
32112
32123
32134
32143
32155
32163
32174
32213
32222
32233
32242
32255
32266
32276
32313
32323
32333
32344
32353
32363
32375
32416
32423
32433
32442
32455
32466
32473
32513
32525
32533
32542
32555
32563
32573
32613
32626
32633
32646
32653
32666
32676
32716
32726
32733
32742
32755
32763
32776
33113
33124
33134
33143
33154
33162
33174
33213
33224
33234
33244
33254
33264
33274
33315
33323
33334
33344
33355
33364
33374
33415
33423
33432
33445
33453
33462
33475
33514
33523
33534
33545
33554
33563
33574
33614
33623
33634
33644
33655
33664
33673
33717
33723
33736
33744
33755
33763
33774
34114
34123
34133
34144
34153
34166
34173
34212
34224
34234
34244
34252
34264
34274
34313
34323
34334
34343
34353
34363
34373
34414
34424
34434
34444
34454
34464
34474
34515
34525
34535
34544
34553
34563
34574
34613
34626
34634
34644
34654
34664
34676
34713
34723
34734
34743
34753
34764
34774
35115
35125
35135
35143
35155
35164
35173
35212
35224
35234
35244
35255
35264
35274
35313
35326
35335
35343
35353
35364
35373
35415
35425
35435
35445
35454
35463
35473
35515
35522
35535
35545
35553
35565
35574
35615
35623
35635
35644
35655
35663
35675
35713
35725
35735
35744
35753
35763
35773
36116
36123
36132
36146
36154
36164
36174
36215
36224
36234
36244
36254
36264
36274
36315
36323
36335
36343
36354
36364
36374
36412
36426
36432
36442
36453
36462
36472
36515
36525
36533
36546
36555
36563
36575
36613
36622
36634
36646
36653
36664
36676
36714
36722
36732
36744
36753
36762
36776
37114
37121
37134
37143
37154
37164
37174
37212
37224
37234
37244
37252
37264
37274
37316
37323
37334
37343
37353
37364
37373
37415
37423
37432
37445
37453
37462
37472
37514
37525
37534
37545
37554
37565
37574
37613
37626
37633
37646
37653
37664
37674
37714
37726
37734
37746
37756
37766
37774
41114
41126
41136
41144
41155
41166
41175
41215
41224
41232
41244
41252
41264
41272
41315
41326
41335
41345
41355
41366
41375
41415
41425
41434
41444
41454
41464
41475
41516
41526
41533
41543
41556
41565
41573
41615
41625
41633
41645
41656
41665
41676
41715
41722
41736
41744
41757
41766
41775
42114
42121
42132
42144
42152
42164
42172
42216
42224
42231
42242
42254
42264
42274
42312
42323
42332
42346
42355
42366
42373
42414
42425
42434
42446
42454
42464
42474
42516
42526
42535
42546
42556
42562
42576
42615
42625
42634
42645
42656
42665
42674
42715
42724
42732
42744
42755
42764
42774
43116
43122
43134
43144
43153
43163
43171
43212
43224
43234
43244
43253
43262
43272
43313
43323
43333
43344
43355
43365
43373
43414
43424
43434
43444
43454
43464
43474
43515
43525
43534
43546
43557
43563
43573
43614
43624
43637
43644
43655
43667
43676
43716
43722
43733
43744
43755
43766
43773
44114
44124
44134
44143
44154
44164
44174
44214
44223
44232
44243
44254
44263
44273
44315
44322
44332
44345
44352
44362
44375
44415
44424
44433
44444
44455
44464
44473
44513
44526
44533
44546
44556
44564
44573
44615
44625
44634
44645
44654
44665
44671
44714
44724
44734
44745
44754
44764
44774
45115
45122
45133
45144
45155
45166
45172
45212
45221
45233
45244
45252
45264
45274
45315
45325
45334
45342
45354
45363
45373
45414
45424
45434
45444
45454
45464
45474
45515
45523
45533
45544
45555
45565
45572
45616
45626
45635
45646
45654
45664
45676
45717
45722
45735
45744
45754
45766
45772
46114
46124
46136
46144
46156
46164
46174
46214
46223
46232
46243
46254
46263
46273
46314
46326
46332
46342
46353
46362
46372
46414
46424
46434
46442
46454
46463
46473
46515
46522
46533
46544
46556
46565
46576
46614
46624
46634
46644
46651
46664
46676
46716
46724
46736
46744
46756
46767
46774
47113
47122
47131
47144
47152
47164
47173
47212
47223
47232
47243
47255
47263
47273
47315
47323
47332
47345
47353
47362
47372
47415
47424
47434
47444
47454
47463
47474
47513
47524
47533
47543
47553
47562
47573
47616
47624
47636
47645
47654
47664
47674
47716
47722
47733
47744
47752
47762
47775
51114
51122
51132
51142
51154
51162
51172
51214
51224
51235
51242
51254
51266
51275
51314
51323
51334
51345
51354
51365
51374
51416
51426
51435
51446
51456
51465
51473
51515
51524
51534
51545
51554
51563
51573
51614
51624
51636
51644
51654
51664
51674
51714
51724
51735
51745
51755
51765
51774
52112
52126
52135
52144
52155
52166
52176
52214
52224
52235
52242
52255
52266
52275
52313
52325
52333
52342
52355
52365
52375
52416
52426
52435
52446
52456
52462
52474
52514
52525
52535
52545
52553
52565
52573
52614
52624
52636
52644
52654
52664
52676
52714
52724
52734
52742
52756
52765
52772
53115
53125
53135
53145
53153
53163
53175
53215
53225
53233
53244
53253
53265
53273
53313
53325
53335
53343
53353
53366
53373
53413
53425
53434
53446
53453
53463
53473
53514
53524
53535
53542
53553
53565
53575
53614
53626
53633
53644
53654
53664
53676
53715
53725
53733
53745
53754
53763
53773
54114
54124
54133
54145
54154
54165
54175
54212
54224
54234
54244
54254
54262
54275
54315
54325
54335
54344
54355
54363
54373
54414
54424
54434
54444
54454
54464
54474
54515
54525
54535
54545
54554
54564
54575
54614
54624
54636
54644
54654
54664
54676
54715
54722
54735
54746
54755
54765
54774
55114
55126
55133
55144
55155
55165
55175
55214
55224
55233
55244
55256
55265
55274
55314
55325
55334
55345
55354
55365
55374
55416
55426
55434
55446
55453
55466
55473
55514
55524
55533
55544
55554
55566
55574
55614
55624
55634
55644
55654
55664
55675
55714
55726
55734
55745
55754
55763
55774
56112
56126
56133
56145
56155
56162
56172
56216
56222
56235
56242
56255
56262
56275
56315
56323
56333
56343
56355
56363
56375
56415
56422
56433
56442
56456
56465
56472
56513
56525
56532
56545
56555
56565
56573
56612
56622
56635
56646
56655
56666
56675
56714
56725
56733
56745
56756
56765
56775
57114
57126
57135
57145
57151
57162
57175
57215
57224
57233
57245
57252
57265
57275
57314
57325
57334
57343
57354
57365
57374
57413
57426
57433
57443
57453
57462
57473
57513
57523
57535
57545
57555
57566
57574
57614
57626
57636
57646
57655
57663
57671
57714
57725
57735
57745
57754
57762
57774
61114
61124
61134
61146
61155
61164
61176
61216
61224
61237
61246
61252
61264
61275
61313
61323
61333
61343
61355
61366
61373
61415
61425
61433
61445
61456
61465
61476
61514
61524
61534
61544
61554
61564
61576
61614
61624
61636
61644
61654
61664
61674
61714
61724
61734
61746
61755
61766
61774
62116
62125
62135
62144
62155
62165
62173
62214
62224
62234
62243
62256
62264
62273
62313
62326
62333
62346
62353
62366
62372
62415
62425
62434
62445
62456
62465
62474
62514
62524
62536
62544
62554
62564
62573
62614
62624
62634
62643
62656
62664
62674
62714
62723
62734
62743
62755
62765
62774
63114
63124
63133
63144
63155
63167
63173
63217
63225
63237
63246
63253
63267
63276
63314
63324
63333
63341
63355
63363
63373
63414
63424
63433
63444
63455
63467
63476
63516
63524
63533
63546
63554
63564
63576
63616
63624
63634
63642
63653
63665
63676
63714
63724
63734
63745
63754
63764
63774
64116
64124
64134
64144
64154
64164
64176
64214
64224
64236
64244
64252
64264
64272
64313
64326
64334
64344
64354
64364
64376
64414
64421
64432
64444
64454
64464
64474
64514
64524
64534
64544
64554
64564
64576
64614
64623
64632
64646
64654
64664
64673
64716
64723
64735
64744
64754
64764
64774
65112
65125
65135
65144
65155
65162
65172
65212
65221
65235
65244
65251
65263
65273
65315
65323
65335
65344
65355
65363
65375
65416
65426
65435
65444
65454
65464
65476
65515
65525
65533
65545
65555
65565
65575
65614
65624
65633
65644
65656
65665
65676
65715
65725
65734
65744
65755
65765
65775
66114
66125
66133
66144
66153
66164
66173
66215
66224
66237
66244
66253
66264
66274
66316
66326
66334
66344
66353
66366
66374
66415
66425
66437
66445
66454
66465
66474
66514
66524
66534
66544
66554
66564
66573
66614
66624
66634
66644
66655
66676
66714
66723
66734
66744
66755
66764
66774
67116
67126
67133
67146
67152
67163
67176
67215
67223
67232
67244
67253
67263
67272
67313
67326
67334
67346
67353
67364
67374
67416
67424
67436
67441
67456
67464
67474
67516
67524
67536
67546
67555
67563
67573
67614
67624
67634
67641
67655
67663
67676
67713
67723
67733
67746
67753
67763
67771
71114
71124
71134
71144
71155
71164
71174
71212
71225
71236
71242
71255
71265
71272
71314
71326
71335
71343
71353
71364
71374
71415
71424
71436
71444
71457
71466
71475
71514
71524
71534
71545
71554
71567
71574
71616
71624
71634
71646
71655
71666
71676
71714
71724
71737
71744
71754
71764
71774
72112
72124
72134
72142
72155
72167
72174
72214
72225
72234
72245
72255
72266
72274
72316
72326
72333
72344
72355
72363
72372
72415
72424
72432
72444
72452
72464
72474
72514
72524
72534
72542
72554
72565
72574
72614
72623
72634
72643
72655
72663
72674
72714
72722
72734
72743
72755
72764
72774
73114
73123
73135
73145
73154
73164
73176
73216
73223
73233
73244
73253
73263
73276
73314
73324
73334
73345
73352
73363
73374
73416
73422
73433
73444
73455
73466
73473
73514
73525
73533
73545
73554
73563
73573
73614
73624
73634
73645
73654
73664
73674
73714
73724
73732
73745
73756
73764
73774
74114
74122
74135
74144
74153
74166
74174
74212
74224
74234
74244
74254
74264
74272
74313
74322
74334
74343
74353
74364
74374
74414
74425
74432
74444
74452
74464
74474
74515
74522
74535
74544
74555
74565
74574
74616
74623
74635
74645
74654
74664
74674
74714
74723
74735
74745
74753
74764
74774
75112
75124
75132
75143
75153
75163
75174
75215
75225
75233
75244
75255
75265
75274
75313
75325
75335
75345
75355
75363
75373
75417
75425
75435
75444
75454
75466
75472
75515
75525
75534
75543
75555
75565
75575
75615
75625
75634
75644
75656
75665
75675
75714
75722
75736
75747
75755
75764
75775
76114
76126
76133
76146
76155
76164
76176
76213
76223
76233
76244
76253
76263
76272
76313
76326
76332
76344
76353
76362
76374
76416
76424
76436
76444
76456
76467
76474
76512
76525
76533
76545
76555
76565
76576
76614
76622
76634
76644
76654
76666
76673
76714
76727
76737
76744
76757
76764
76772
77114
77124
77134
77144
77155
77166
77174
77215
77224
77236
77242
77254
77264
77274
77313
77326
77334
77344
77353
77366
77374
77414
77424
77433
77444
77452
77464
77474
77514
77522
77533
77544
77555
77565
77575
77616
77624
77634
77644
77655
77662
77674
77714
77724
77734
77744
77755
77764
77774