1114
1122
1134
1144
1155
1163
1172
1211
1222
1233
1244
1256
1265
1272
1314
1323
1333
1344
1353
1363
1374
1414
1424
1434
1444
1454
1464
1475
1514
1524
1532
1543
1555
1562
1574
1616
1624
1633
1644
1656
1666
1673
1714
1722
1734
1744
1755
1763
1774
2111
2122
2133
2144
2152
2165
2175
2214
2223
2234
2243
2253
2265
2274
2313
2322
2333
2344
2353
2363
2372
2414
2422
2434
2444
2454
2464
2474
2514
2522
2532
2542
2555
2565
2575
2614
2623
2634
2643
2655
2664
2673
2712
2722
2734
2743
2752
2763
2772
3113
3121
3133
3145
3154
3166
3173
3213
3222
3233
3244
3254
3262
3276
3314
3325
3334
3345
3354
3363
3373
3414
3424
3433
3444
3453
3464
3474
3512
3522
3533
3544
3555
3565
3575
3613
3624
3633
3642
3652
3663
3672
3714
3724
3734
3754
3764
3774
4115
4124
4132
4144
4156
4165
4175
4214
4224
4234
4244
4256
4265
4274
4314
4324
4333
4344
4354
4364
4375
4414
4423
4432
4444
4456
4465
4474
4513
4525
4534
4544
4555
4564
4574
4614
4623
4632
4644
4654
4664
4674
4714
4723
4732
4744
4756
4764
4773
5114
5124
5134
5146
5154
5164
5174
5216
5225
5236
5246
5255
5264
5276
5313
5323
5333
5344
5355
5366
5376
5414
5424
5434
5444
5455
5464
5474
5515
5525
5534
5546
5554
5563
5574
5615
5622
5633
5644
5655
5666
5675
5715
5722
5734
5742
5755
5765
5773
6116
6125
6133
6145
6154
6166
6176
6215
6224
6236
6245
6254
6266
6274
6313
6327
6333
6346
6356
6366
6374
6414
6424
6434
6444
6454
6466
6474
6516
6525
6535
6544
6555
6566
6575
6615
6622
6635
6645
6654
6665
6674
6713
6723
6734
6744
6757
6766
6777
7114
7125
7133
7144
7154
7166
7174
7216
7222
7233
7244
7255
7264
7272
7314
7323
7333
7345
7356
7364
7374
7415
7424
7434
7444
7454
7464
7474
7515
7522
7535
7544
7555
7565
7574
7613
7623
7632
7644
7655
7666
7677
7716
7725
7733
7745
7755
7766
7774